Código postal; Latitude (graus); Longitude (graus)
4470-715; 41,2524726; -8,662591
4300-437; 41,1496584; -8,5625319
4150-560; 41,1574222; -8,6784154
4475-321; 41,2289155; -8,5800042
4410-446; 41,0683627; -8,6408244
4350-221; 41,1654012; -8,5756347
4465-101; 41,1817998; -8,6300785
4465-339; 41,2026008; -8,6326582
4430-680; 41,1082673; -8,551642
4150-753; 41,1528347; -8,6745402
4470-566; 41,2487393; -8,6587758
4400-579; 41,1404491; -8,6478691
4050-114; 41,1624702; -8,6559228
4405-943; 41,094904; -8,6294745
4465-331; 41,1851885; -8,6179363
4300-4; 41,1529422; -8,5804232
4415-579; 41,0659836; -8,5025135
4410-270; 41,0660455; -8,5968968
4150-313; 41,1567009; -8,6385734
4200-12; 41,165724; -8,6084097
4250-435; 41,167552; -8,6173515
4410-87; 41,053327; -8,6118463
4250-223; 41,1658031; -8,6237004
4100-305; 41,173633; -8,6604743
4430-895; 41,1166112; -8,5633488
4415-693; 41,0826133; -8,5233925
4475-9; 41,246357; -8,6191544
4410-247; 41,0754403; -8,6067784
4400-455; 41,1290586; -8,6578589
4300-303; 41,1482318; -8,5911654
4410-207; 41,0203928; -8,6396652
4415-703; 41,0462518; -8,5473506
4470-608; 41,2439089; -8,665471
4405-880; 41,1092816; -8,6136194
4475-622; 41,2719816; -8,5928412
4000-284; 41,1579438; -8,6291053
4430-281; 41,111505; -8,5997987
4450-180; 41,1883178; -8,6802247
4455-849; 41,2203262; -8,6683192
4150-22; 41,1521567; -8,659116
4000-367; 41,1482959; -8,6013053
4415-698; 41,0423452; -8,5255159
4300-265; 41,163884; -8,5714446
4410-510; 41,0487095; -8,6383469
4450-649; 41,1973981; -8,7020252
4410-119; 41,0392452; -8,6463781
4200-165; 41,1849253; -8,601203
4430-653; 41,0975072; -8,5394492
4250-170; 41,1631573; -8,6145094
4405-993; 41,0975247; -8,6189142
